# oST version 5.0 parameters


[image]

width
1936

height
1216

[narrow_stereo/left]

camera matrix
1419.435287 0.000000 948.748187
0.000000 1442.298159 621.179140
0.000000 0.000000 1.000000

distortion
-0.175243 0.158967 0.003024 -0.002257 -0.062404

rectification
0.999822 -0.002368 -0.018702
0.002425 0.999992 0.003022
0.018694 -0.003067 0.999821

projection
1495.468642 0.000000 961.272442 0.000000
0.000000 1495.468642 624.895920 0.000000
0.000000 0.000000 1.000000 0.000000

